0.271014 113
0.036052 102
0.003191 1
2.587081 1
0.128014 2
0.224667 586
0.009350 94
0.000995 1
2.725143 1
0.167001 1
0.224067 1
0.177005 1
1.519182 1
0.097803 1
0.071997 4
0.167094 2
0.455398 473
0.007286 1
1.832381 1
0.256946 11
0.759089 1
0.889033 1
0.195056 1
0.667940 2
0.255246 627
0.005795 1
0.939413 1
0.350764 1
0.273911 17
0.806135 1
1.583997 1
0.499070 1
0.033035 1
0.032936 1
0.033704 1
0.032309 1
0.033930 1
0.031999 1
0.032998 1
0.033034 1
0.033030 1
0.033024 3
0.395457 5
0.424498 5
0.183485 5
0.177524 5
0.095038 5
0.271076 9
0.160144 2
0.415746 160
0.008435 14
0.759796 1
0.311898 3
0.440111 4
0.351977 1
0.744043 2
0.185845 66
0.004844 94
0.000920 14
0.441422 4
0.319027 1
0.207983 2
0.144816 12
0.004841 94
0.000969 1
3.163451 1
0.542392 4
0.639613 1
0.192036 1
0.104149 1
0.175846 8
